***#!@&
174
0
202
0
*****
0
1
205
24
1
38
0
1
205
34
24
10
48
11
84
0
1
206
24
1
38
0
1
206
34
24
10
48
11
71
0
1
5
0
1
205
34
21
1
10
10
0
1
206
34
20
1
10
0
1
205
34
0
1
206
34
53
38
0
1
206
0
1
206
34
24
1
52
38
10
21
0
1
205
0
1
205
34
24
1
52
38
10
6
0
1
105
0
1
5
23
100
0
1
205
24
1
38
0
1
205
34
24
10
48
11
173
0
1
206
24
1
38
0
1
206
34
24
10
48
11
159
0
1
105
0
1
205
34
21
1
10
10
0
1
206
34
20
1
10
34
26
0
24
10
74
0
1
206
0
1
206
34
24
1
52
38
10
113
63
0
1
205
0
1
205
34
24
1
52
38
10
98
31
*****
